ID,Nom,Email,Téléphone
7,Khawla,khawla@gmail.com,0798654321
5,ibtissam,ibtissam@gmail.com,0612345789
8,iman,iman@gmail.com,0798645321
2,kawtar tabzaoui,kawtartabzaoui@gmail.com,0987654321
9,manal,manal@gmil.com,0613245789
10,meryem,meryem@gmail.com,0798165432
6,mohammed,mohammed@gmail.com,0712345689
